,episode_reward,nb_episode_steps,nb_steps
0,-248.9297889075935,111,111
1,-222.1259316073255,125,236
2,-551.6318794102654,106,342
3,-121.8566956539127,19,361
4,-241.64209891617122,75,436
5,-432.1794106228972,103,539
6,-495.48612759611837,144,683
7,-435.2912325068628,173,856
8,-211.17932232495923,84,940
9,-183.8700326322334,162,1102
10,-110.82446788509169,9,1111
11,-233.38732395408593,197,1308
12,-552.9089673178701,98,1406
13,-524.697996041975,132,1538
14,-183.97276618602476,152,1690
15,-92.26297973725022,105,1795
16,-46.12902161190674,173,1968
17,-162.53324284780717,178,2146
18,-214.06679538138013,183,2329
19,-252.13896132122247,386,2715
20,-440.02465188699864,1214,3929
21,-104.64191020223328,40,3969
22,-137.7962310539619,145,4114
23,-286.8796649082699,676,4790
24,-131.59830760937493,309,5099
25,-95.69816397729754,160,5259
26,-126.46843729694763,74,5333
27,-40.1765307535818,142,5475
28,200.02902822224658,557,6032
29,-123.31456314009154,119,6151
30,-180.5165853255639,179,6330
31,-100.0,1,6331
32,-158.8252772232525,164,6495
33,-240.50931945855524,442,6937
34,-139.74790344710237,231,7168
35,-75.03937040477128,296,7464
36,-163.35135818772739,65,7529
37,-164.01612822033883,359,7888
38,-109.35485838881912,143,8031
39,-274.89226328501434,199,8230
40,-104.75073655343425,260,8490
41,-28.7295829869325,133,8623
42,116.96947742981938,1817,10440
43,-2073.942928003366,13646,24086
44,-51.2520726919688,163,24249
45,-77.60018632133779,71,24320
46,161.3613053917092,755,25075
47,246.88991879112675,202,25277
48,-84.20437882104316,355,25632
49,-139.37441554120207,32,25664
50,162.98940825860433,425,26089
51,-146.2892055348559,672,26761
52,-126.93119415540374,80,26841
53,233.77843091815024,538,27379
54,-131.6853282067014,35,27414
55,-17.466550328364036,1890,29304
56,91.75927755378396,1582,30886
57,33.631519327102836,1189,32075
58,170.82167434028725,825,32900
59,160.25465866758398,655,33555
60,211.77085555156214,576,34131
61,-261.3242767844572,211,34342
62,-55.27507451059482,57,34399
63,45.23883326484487,1687,36086
64,159.24935829131334,899,36985
65,274.19632497668385,686,37671
66,20.3606162529326,111,37782
67,-182.74277405786265,194,37976
68,88.5688488973562,1046,39022
69,-112.80881319155469,43,39065
70,267.78472702607735,613,39678
71,-53.045550199965305,295,39973
72,-208.62760298250117,118,40091
73,-32.315925449529644,507,40598
74,203.854309954706,556,41154
75,-182.9752393602696,508,41662
76,224.79866817727213,736,42398
77,163.2483256688623,781,43179
78,5.196579103254919,156,43335
79,143.70674816166263,1872,45207
80,-123.44225084021305,169,45376
81,239.35795819065066,642,46018
82,158.78369521424216,746,46764
83,281.0555187128214,373,47137
84,-344.37601001843643,94,47231
85,163.49608667667678,500,47731
86,-107.92554128415054,18,47749
87,192.0955215745473,751,48500
88,191.98055145740835,496,48996
89,224.95641902782063,613,49609
90,203.95410480754308,872,50481
91,200.13318133630844,430,50911
92,-124.3634997132867,44,50955
93,177.14463610002426,581,51536
94,294.36386378391285,444,51980
95,-46.077696936394275,309,52289
96,129.00830290874455,617,52906
97,-98.40876641297706,161,53067
98,182.7569231349666,1017,54084
99,-252.99204559906144,157,54241
100,-111.11908979386587,15,54256
101,-25.554376694454987,168,54424
102,212.9285359520722,767,55191
103,183.68365166240693,783,55974
104,-259.317666638022,100,56074
105,205.04251587583042,696,56770
106,-127.2332647635587,211,56981
107,209.27601260512884,633,57614
108,177.48794949767992,284,57898
109,154.661004688859,589,58487
110,296.90559141279437,407,58894
111,-100.0,1,58895
112,240.97166930726345,397,59292
113,-47.257486129317094,231,59523
114,-100.0,1,59524
115,-9.147280443807105,202,59726
116,-1.5877050240129762,141,59867
117,-321.6004881931706,1219,61086
118,187.11533518307746,417,61503
119,-428.8917243108098,513,62016
120,124.73843709955078,680,62696
121,85.65677002824981,980,63676
122,-277.383858008339,106,63782
123,204.34563512465274,429,64211
124,-138.2717372920576,36,64247
125,277.33325690039214,385,64632
126,-58.62438904362012,418,65050
127,77.09083544290179,2741,67791
128,-204.7072051602454,111,67902
129,251.05219734674887,188,68090
130,-67.52474343079359,307,68397
131,-100.0,1,68398
132,-109.68972817483922,27,68425
133,-121.52150384181141,63,68488
134,-148.39208984285642,77,68565
135,233.0224198545976,484,69049
136,250.1350808635672,542,69591
137,100.35826929983737,536,70127
138,-128.17300429126823,37,70164
139,-291.38289504448414,61,70225
140,231.6445080125122,376,70601
141,-175.04537512364948,217,70818
142,205.19128296639033,505,71323
143,146.05199124062347,486,71809
144,223.93113928597666,832,72641
145,143.33682947571018,1017,73658
146,117.51534412652566,723,74381
147,276.3146708796799,509,74890
148,-28.73455945626921,168,75058
149,165.88161842876445,1188,76246
150,215.13023366649628,591,76837
151,-115.21360149745482,27,76864
152,162.2253228326403,1084,77948
153,306.06991551987016,326,78274
154,121.201540754375,921,79195
155,-82.08658797746304,399,79594
156,197.21526120616855,988,80582
157,-51.98021183295398,564,81146
158,-157.23592541157473,372,81518
159,-92.94018314929754,18,81536
160,90.5417486288936,600,82136
161,204.0045116039208,492,82628
162,211.33925019120477,593,83221
163,156.67245632018827,731,83952
164,125.99632147827683,1573,85525
165,-101.19518818524709,779,86304
166,179.70828469440877,592,86896
167,211.4861894857902,605,87501
168,-119.36586544104298,17,87518
169,-161.60551109639675,276,87794
170,116.97956863762742,670,88464
171,-113.28305713316237,61,88525
172,180.32781167152376,665,89190
173,223.32159053272798,365,89555
174,271.0542170605356,682,90237
175,-243.9890264868021,55,90292
176,232.23128107359705,278,90570
177,212.8648853551162,456,91026
178,278.07002699196755,457,91483
179,138.6749325072164,626,92109
180,-312.9942456313054,167,92276
181,-123.54362650230962,211,92487
182,256.2118331402721,380,92867
183,215.58601984462206,419,93286
184,105.20342298070778,724,94010
185,230.29328256629353,608,94618
186,-100.0,1,94619
187,-171.59128686493187,257,94876
188,269.4878920536877,248,95124
189,-232.66233509558396,376,95500
190,-100.0,1,95501
191,223.0875535633854,650,96151
192,217.63025856388776,589,96740
193,272.51590793172113,222,96962
194,-110.82010786828755,8,96970
195,-141.48819605146764,52,97022
196,267.42253730758443,386,97408
197,147.0977222361324,464,97872
198,165.59277622735357,697,98569
199,216.42763105034436,607,99176
200,253.59507141363434,394,99570
201,-117.39279715992573,30,99600
202,-353.3715783947466,193,99793
203,-287.7224115967126,435,100228
204,-101.09149572989026,129,100357
205,209.44460770081662,595,100952
206,-14.834634171220983,185,101137
207,-46.219035395479196,228,101365
208,216.3046314537151,334,101699
209,241.23716244494017,594,102293
210,222.4097130945766,334,102627
211,-283.5103788939715,511,103138
212,-100.0,1,103139
213,219.81852332964073,524,103663
214,-68.25662084420361,122,103785
215,-425.83517163377934,65,103850
216,241.667491304573,405,104255
217,-201.58272839638076,500,104755
218,182.69858293225334,486,105241
219,275.0291331460051,356,105597
220,-25.716468182792966,385,105982
221,-48.148339919568315,346,106328
222,230.4030150770192,544,106872
223,228.45671153503628,338,107210
224,104.4186161777115,1119,108329
225,194.93760586976668,556,108885
226,113.0946082076488,620,109505
227,237.26894752561236,381,109886
228,261.0556056839199,263,110149
229,212.60076542728282,350,110499
230,274.1891416745586,209,110708
231,187.0251395413917,356,111064
232,-104.79850575930132,19,111083
233,208.0487965543753,710,111793
234,177.10331763993145,944,112737
235,226.05400273702372,691,113428
236,309.37539488381117,885,114313
237,63.31625389395333,242,114555
238,270.32353519860123,386,114941
239,159.87217027883028,284,115225
240,257.3126830221563,376,115601
241,132.10543595716794,1228,116829
242,63.0736854215389,300,117129
243,234.0594815914503,515,117644
244,-119.98348695699431,25,117669
245,-100.0,1,117670
246,239.33870287475702,689,118359
247,179.40625482235492,428,118787
248,169.53205458804416,832,119619
249,228.3567449266571,1031,120650
250,231.93513298077912,393,121043
251,-204.03642139740901,174,121217
252,260.3867625244002,443,121660
253,234.73907294186688,392,122052
254,-24.406371486266494,261,122313
255,-129.36014542408554,46,122359
256,213.25201048784334,429,122788
257,-91.51067457763112,192,122980
258,209.12045542021986,429,123409
259,257.16883593577256,237,123646
260,-436.4610866954357,177,123823
261,-100.42057423971592,26,123849
262,-25.62626693379329,116,123965
263,148.90889574841654,569,124534
264,-247.66340208234408,348,124882
265,229.09444155106868,620,125502
266,222.69642134837937,258,125760
267,157.4093924410092,514,126274
268,227.41299291983358,261,126535
269,273.597435155517,569,127104
270,16.74200523309905,301,127405
271,201.16888677294045,336,127741
272,180.69034710951422,747,128488
273,-49.390739697282584,214,128702
274,-117.16237738050208,18,128720
275,132.7802640306653,422,129142
276,13.366132631845346,1549,130691
277,118.9981216322325,840,131531
278,-304.69843221096323,506,132037
279,135.94558512142194,730,132767
280,158.2819079677676,526,133293
281,-251.79085008065502,494,133787
282,39.7876715679006,1248,135035
283,-30.79767198286993,240,135275
284,326.6969332335055,260,135535
285,-116.09822572397975,522,136057
286,-120.51622761985688,23,136080
287,213.1382218614814,470,136550
288,268.6728875278078,702,137252
289,-153.55820457927166,126,137378
290,164.2654705306638,678,138056
291,-39.30620969057091,265,138321
292,140.64547732601972,611,138932
293,282.7291140320131,265,139197
294,-63.142233699109816,132,139329
295,-107.77183933935667,77,139406
296,200.74146358213716,446,139852
297,159.74768032810175,1045,140897
298,179.59658013397438,673,141570
299,-303.550042975029,107,141677
300,-148.45931777909195,175,141852
301,254.4671458183552,299,142151
302,-114.15776017981685,81,142232
303,168.07126010609934,442,142674
304,265.09712034954566,496,143170
305,-100.15254306931467,26,143196
306,117.01668449488047,662,143858
307,-138.6830498005864,94,143952
308,224.00732276440095,293,144245
309,-203.13598775774756,494,144739
310,-37.73778012995592,407,145146
311,204.59567122409192,412,145558
312,248.20384636679202,579,146137
313,-158.0831264774281,290,146427
314,213.42054219024683,594,147021
315,-98.37615915567677,8,147029
316,199.36391061584692,695,147724
317,163.76611138630352,906,148630
318,-152.88121277412472,52,148682
319,141.14152139832566,547,149229
320,271.08335729377006,415,149644
321,-342.1686902417283,397,150041
322,275.244748709322,407,150448
323,-138.75385505603288,422,150870
324,-165.63027597631645,110,150980
325,-100.0,1,150981
326,-158.5622517489906,32,151013
327,-177.67121645629098,393,151406
328,-104.81479045946226,124,151530
329,-251.78578801080937,116,151646
330,232.24854251788474,213,151859
331,10.947516975822637,129,151988
332,-124.379890754063,364,152352
333,227.40465672057022,646,152998
334,-125.45112584809748,273,153271
335,-46.745512379273414,199,153470
336,-265.060021231786,93,153563
337,189.28647781055236,466,154029
338,326.91869500912975,561,154590
339,188.2694319562691,357,154947
340,248.6205570968334,427,155374
341,-200.70174367672638,278,155652
342,-281.75338296269683,36,155688
343,215.68411904858772,360,156048
344,-132.96058126810982,20,156068
345,177.0313778583222,584,156652
346,240.42022728982877,364,157016
347,-41.16322031589294,220,157236
348,313.93769383544327,489,157725
349,15.902713441236472,256,157981
350,289.0671814171927,306,158287
351,298.9414374356513,417,158704
352,-211.17837402831162,60,158764
353,-88.63782975977054,17,158781
354,222.1347670900368,447,159228
355,-61.47428785011394,283,159511
356,258.0014365611578,437,159948
357,208.522442751153,602,160550
358,102.71069614673455,735,161285
359,224.9303763583094,367,161652
360,67.93186178172488,185,161837
361,284.63957803046674,490,162327
362,174.05046869140116,786,163113
363,206.04638075407,408,163521
364,307.87001519377816,287,163808
365,-164.45436063394058,35,163843
366,168.69130373150833,529,164372
367,59.41709187477065,254,164626
368,229.3383041317449,463,165089
369,249.52601601114236,245,165334
370,284.68268690180685,549,165883
371,267.04207032023277,370,166253
372,161.4010842308065,394,166647
373,5.715124635733446,221,166868
374,197.6712158612934,594,167462
375,-137.79158050439864,25,167487
376,261.12772846553537,427,167914
377,176.97402114614016,327,168241
378,226.10113862854405,520,168761
379,-216.857217709661,98,168859
380,213.61843491805615,244,169103
381,298.3051155180288,532,169635
382,199.74304478589227,454,170089
383,-73.65658771221936,78,170167
384,247.00440781070876,369,170536
385,193.25700372048064,590,171126
386,81.82593211552478,637,171763
387,209.7018085750756,330,172093
388,188.90208829990075,782,172875
389,-136.9488984412609,35,172910
390,-34.81933286809202,330,173240
391,220.94725168448258,483,173723
392,250.29767236197424,275,173998
393,5.217746707662656,262,174260
394,41.58010081683369,128,174388
395,252.33405628363064,534,174922
396,-59.01118225888953,191,175113
397,-105.88237391351957,16,175129
398,255.99182588902744,274,175403
399,-89.49173873179929,38,175441
400,267.6699198372523,266,175707
401,312.5342684567254,319,176026
402,-128.12924490672037,116,176142
403,-176.6381108424873,232,176374
404,209.4955363621511,237,176611
405,-41.54235767589131,96,176707
406,219.8801372345219,317,177024
407,-181.3346921532198,93,177117
408,243.58394263741928,331,177448
409,248.5078846409143,268,177716
410,-98.16307342486057,56,177772
411,-121.90465767077401,158,177930
412,259.47644821472386,354,178284
413,-100.0,1,178285
414,262.7138852903843,388,178673
415,242.22147269686425,353,179026
416,253.28893809252637,370,179396
417,218.81153600841526,594,179990
418,-97.79833424576067,12,180002
419,-100.0,1,180003
420,-146.3121133308301,218,180221
421,-90.9097966154817,47,180268
422,287.04226177444895,646,180914
423,277.31695774690866,314,181228
424,282.0488836993228,475,181703
425,-191.9080714082373,85,181788
426,283.2659527857488,256,182044
427,225.0508383548101,433,182477
428,-188.70185011585502,108,182585
429,236.9793695656409,562,183147
430,-91.3342294945709,97,183244
431,302.2303651062193,252,183496
432,-148.90439255994932,75,183571
433,272.320419216808,367,183938
434,248.40239908501292,731,184669
435,-100.0,1,184670
436,164.69779134203833,599,185269
437,122.92118013320155,776,186045
438,196.91729184882462,362,186407
439,216.58735005105922,472,186879
440,-10.630268745639498,297,187176
441,-100.0,1,187177
442,242.69621686198428,1027,188204
443,221.77801887839883,232,188436
444,201.61177668799832,466,188902
445,-86.41524494320109,511,189413
446,237.78019210978565,583,189996
447,210.89825692057653,582,190578
448,203.2283470747565,558,191136
449,156.43097657417363,1311,192447
450,258.0175644912965,747,193194
451,201.01611995257707,243,193437
452,232.9285630129544,695,194132
453,-93.80208507660656,182,194314
454,199.97739473081668,634,194948
455,250.9289777250363,447,195395
456,190.0833514793817,408,195803
457,259.31807709134796,329,196132
458,194.43927553790903,308,196440
459,-87.63707240485888,14,196454
460,223.27249253670485,627,197081
461,-60.71028962028289,235,197316
462,156.13272703749865,932,198248
463,153.03596097767405,428,198676
464,293.0982552895764,448,199124
465,240.38277783924562,229,199353
466,-94.77749026624535,17,199370
467,-106.59740704911422,74,199444
468,-10.981839605318655,181,199625
469,165.8247677240409,623,200248
470,122.73111738363946,463,200711
471,142.04066323479077,1440,202151
472,-269.5144799375478,178,202329
473,44.75399295204164,154,202483
474,9.111224916769743,237,202720
475,227.4652098523752,372,203092
476,-105.56425501011098,17,203109
477,-105.85430871555411,21,203130
478,194.91386299215594,397,203527
479,337.47798796423814,328,203855
480,166.6853012410203,962,204817
481,-45.95616604989863,237,205054
482,-178.41052747341428,61,205115
483,-14.130940192959073,243,205358
484,262.831927402719,682,206040
485,132.60960541456637,529,206569
486,226.28484889270794,386,206955
487,-100.0,1,206956
488,-131.10343320860272,64,207020
489,-122.06640922905041,317,207337
490,-58.863165788667466,128,207465
491,192.8732370600226,703,208168
492,249.09738138694928,363,208531
493,14.363850889300878,149,208680
494,233.3911379775305,267,208947
495,150.057194184756,582,209529
496,235.42799849738412,341,209870
497,247.09747538093117,332,210202
498,207.71474139680225,323,210525
499,-110.89935919155957,297,210822
500,109.58703661356512,672,211494
501,212.59948920417025,434,211928
502,265.78248440782033,296,212224
503,-100.0,1,212225
504,251.9877356119762,428,212653
505,-50.428300295974665,359,213012
506,-81.07203229268997,55,213067
507,-112.04871291472172,29,213096
508,201.7506029126759,355,213451
509,-186.0839325398842,34,213485
510,-10.257505348042216,159,213644
511,-276.6120987517216,255,213899
512,187.25219642015685,499,214398
513,211.33935350981488,483,214881
514,189.35368915813154,631,215512
515,253.12018118066607,354,215866
516,224.8564753905392,275,216141
517,193.63972141552924,531,216672
518,281.23423182594934,321,216993
519,232.25899179476238,543,217536
520,236.80525529137924,310,217846
521,231.9597285142438,402,218248
522,198.20629952345865,386,218634
523,-148.48598994385387,163,218797
524,132.9669588382128,1621,220418
525,251.3907214403141,383,220801
526,261.25506194611893,489,221290
527,-111.16872192433331,25,221315
528,259.0549508749557,379,221694
529,-102.18342520258587,61,221755
530,251.45325536300024,383,222138
531,179.24976362658737,610,222748
532,175.0189794531628,384,223132
533,228.40768951665947,349,223481
534,-116.47564330105993,171,223652
535,24.404193132349192,119,223771
536,-160.45105993047434,65,223836
537,27.644059208959547,3784,227620
538,187.7237349448908,850,228470
539,-114.37783298511364,31,228501
540,264.4864825346545,480,228981
541,-100.0,1,228982
542,206.15380820285827,633,229615
543,126.65919744549942,2585,232200
544,275.96492788953617,310,232510
545,-113.50039213668553,8,232518
546,-158.91170834957398,60,232578
547,240.7978455719898,832,233410
548,-151.04191138563715,631,234041
549,184.13475694137108,364,234405
550,40.57566353738591,94,234499
551,171.06380588142088,482,234981
552,262.3190222306532,404,235385
553,-12.504119814420108,243,235628
554,95.56273949777786,615,236243
555,-155.16643900803297,108,236351
556,-120.35104501852916,38,236389
557,-118.53280250311064,19,236408
558,234.5120777170862,475,236883
559,-41.41781124056081,158,237041
560,-101.64097648245368,10,237051
561,203.2017503972166,308,237359
562,254.13971196987148,494,237853
563,289.5735827089437,321,238174
564,221.0339421759382,385,238559
565,227.5730886148403,352,238911
566,-30.11635108936079,6673,245584
567,-20.87924263455831,331,245915
568,10.255443217230692,154,246069
569,-141.1739443885279,153,246222
570,278.9761652270522,741,246963
571,216.00061772787427,681,247644
572,251.28897335484768,372,248016
573,-7.085644082435991,247,248263
574,-98.57435540630509,427,248690
575,232.46383138204303,650,249340
576,213.45611437548536,320,249660
