,episode_reward,nb_episode_steps,nb_steps
0,-175.18503347875827,72,72
1,-100.0,1,73
2,-230.52524048258167,81,154
3,-147.65591862220685,59,213
4,178.7186522838195,567,780
5,-149.69554216493495,44,824
6,-297.56743182140247,84,908
7,-212.36377926410478,93,1001
8,-348.2545094956723,83,1084
9,-273.74228766149145,116,1200
10,-610.65460665856,99,1299
11,58.571036390904624,1036,2335
12,-126.03793331311249,49,2384
13,-259.2131808648504,89,2473
14,-161.71682098534885,113,2586
15,-366.13099774419726,230,2816
16,-88.02486492085148,567,3383
17,-78.42957023613923,243,3626
18,-112.1854419807006,113,3739
19,-382.82158223194193,100,3839
20,-165.03711180520548,118,3957
21,-102.56575895019634,504,4461
22,-98.55242115539696,93,4554
23,149.91881528093035,354,4908
24,162.2814625661441,556,5464
25,-210.0825357747753,148,5612
26,-97.9158085786601,184,5796
27,-85.76107173351843,259,6055
28,-241.6408483457368,428,6483
29,-105.53534897386368,14,6497
30,-304.70246488964216,1388,7885
31,-114.44849598144569,58,7943
32,-105.5818147968231,17,7960
33,-126.40721885340736,160,8120
34,-168.4375049431705,251,8371
35,-112.27779667603876,10,8381
36,-118.53148688618879,41,8422
37,-162.60649142494646,253,8675
38,-58.35932862345594,477,9152
39,240.1538320993071,221,9373
40,-110.86439066701264,10,9383
41,-72.62973847418121,265,9648
42,-435.4267276217497,4438,14086
43,5.781865024273955,156,14242
44,-348.8362431158683,3777,18019
45,-103.17182895503635,25,18044
46,24.920634306073154,233,18277
47,182.662085273992,671,18948
48,-121.66412321369802,198,19146
49,-6.516261657727313,205,19351
50,66.21671756266852,207,19558
51,-76.42250683801647,104,19662
52,-92.62130517451294,296,19958
53,-111.86811398570039,161,20119
54,-81.49644197183036,90,20209
55,-154.30633686274564,895,21104
56,-100.0,1,21105
57,-96.72521624720862,17,21122
58,-189.55788854070533,379,21501
59,-4.500205415742471,118,21619
60,-39.659316983572104,146,21765
61,-64.6169566864504,328,22093
62,-141.41829918579356,309,22402
63,209.30846611776832,429,22831
64,-134.2215833100621,26,22857
65,-99.22515726223918,38,22895
66,240.30890015949865,478,23373
67,-122.28658195967662,57,23430
68,-117.47554981544916,48,23478
69,-217.28875523405682,214,23692
70,75.59567178396314,1764,25456
71,254.18178641216753,840,26296
72,216.91902211069805,470,26766
73,-117.86345515679146,18,26784
74,14.200340345947012,80,26864
75,-13.444267971929122,218,27082
76,-146.9435255175671,353,27435
77,-162.92508642142326,293,27728
78,-200.25330668147538,336,28064
79,-117.0174503485998,301,28365
80,-105.74397945665359,12,28377
81,-34.4796733216224,110,28487
82,195.83894069457304,601,29088
83,210.1590747769132,752,29840
84,184.5193746002138,737,30577
85,129.22102659657207,713,31290
86,214.98593148516605,680,31970
87,151.9318233470005,1083,33053
88,3.8616777042144435,168,33221
89,162.5399492663039,973,34194
90,-126.69668255677554,64,34258
91,299.22524211042605,467,34725
92,105.00282615311069,1438,36163
93,-116.9677562020562,41,36204
94,172.7227813659571,492,36696
95,-87.4036698440545,231,36927
96,-108.87538064013481,42,36969
97,-262.6732944602885,321,37290
98,212.64390246547543,555,37845
99,-90.88415843890249,102,37947
100,-314.666788886213,510,38457
101,-121.14920808920937,17,38474
102,151.51419150831197,811,39285
103,192.36575299873527,494,39779
104,-70.8396433304234,1086,40865
105,194.92212750153877,605,41470
106,-141.52850226966348,54,41524
107,115.84246451117878,788,42312
108,193.69906862098355,676,42988
109,-109.55513270029762,18,43006
110,222.11772276562567,581,43587
111,-132.1153502643727,637,44224
112,98.01904230907567,1151,45375
113,221.16894938361168,565,45940
114,-30.124854557461504,1887,47827
115,-143.92415540746686,25,47852
116,153.53354231103918,840,48692
117,258.05639604590624,946,49638
118,-217.9851941744726,151,49789
119,160.53741169800983,578,50367
120,-121.42523255191611,28,50395
121,88.81889129178185,1058,51453
122,158.38873297585315,332,51785
123,-110.82542090241833,167,51952
124,135.81344177159266,1004,52956
125,13.109783418179717,179,53135
126,-160.8228123716534,585,53720
127,-307.4241641481683,191,53911
128,164.12024237443535,655,54566
129,236.53453746448395,744,55310
130,-132.588164289384,47,55357
131,-34.06897496248729,169,55526
132,-277.2565739705277,129,55655
133,-213.75558862056897,182,55837
134,-100.1746923630432,248,56085
135,146.7112047192098,521,56606
136,213.89389676370263,577,57183
137,123.79712830000383,465,57648
138,-184.87877011194985,116,57764
139,158.3935287916046,487,58251
140,-240.68370971124165,313,58564
141,-139.85719320366837,237,58801
142,153.4358877965402,1105,59906
143,-117.31642436918452,110,60016
144,109.88663456870569,768,60784
145,235.08732834128077,567,61351
146,-33.59096241622811,1662,63013
147,219.06577211463642,572,63585
148,163.46500282748502,818,64403
149,172.4082324960857,920,65323
150,256.11906561500604,615,65938
151,174.24187860170971,860,66798
152,163.9379255610576,894,67692
153,240.0516510183064,755,68447
154,223.2769541165001,734,69181
155,-53.7682921656298,161,69342
156,-297.6943497440892,1332,70674
157,298.0928650034373,318,70992
158,-116.77117852911378,347,71339
159,-118.16322097980014,37,71376
160,244.04032308866184,1667,73043
161,162.02511881743553,852,73895
162,186.89738653640984,537,74432
163,-101.86356126176828,23,74455
164,216.11320725927467,1100,75555
165,157.38267650448392,534,76089
166,173.97518728066763,424,76513
167,206.2766176459396,300,76813
168,-130.2397967861586,40,76853
169,-381.0548927655692,106,76959
170,228.50066981368803,252,77211
171,266.7891431307828,530,77741
172,-26.288410190774755,153,77894
173,-287.89270554976065,228,78122
174,116.06159251297653,416,78538
175,-115.46603957677242,204,78742
176,268.2233271448031,759,79501
177,255.9625387311861,713,80214
178,243.98585727987108,397,80611
179,207.22164284708725,494,81105
180,269.1321664279533,367,81472
181,-130.46380233254771,23,81495
182,82.62654557665542,954,82449
183,232.66956168153777,397,82846
184,-163.46675979016493,219,83065
185,-100.0,1,83066
186,246.83971346719332,478,83544
187,182.863128398144,431,83975
188,187.73280553508766,653,84628
189,236.96893984732299,549,85177
190,168.07710721649167,539,85716
191,117.81739589924624,790,86506
192,192.11924983416844,486,86992
193,250.2163318077677,435,87427
194,-73.53254065490086,183,87610
195,30.14091124820723,171,87781
196,-48.15429709638424,153,87934
197,-109.61149405447473,51,87985
198,220.3531635350241,248,88233
199,-31.369151671600434,167,88400
200,146.2786216249446,457,88857
201,258.92995943835786,400,89257
202,132.25144143737194,1777,91034
203,-186.57866057997757,214,91248
204,275.91597514768114,443,91691
205,182.55424200681512,365,92056
206,-92.30238176250526,27,92083
207,-51.538102561293215,272,92355
208,255.16300811235612,365,92720
209,-35.79792468322344,375,93095
210,254.49775827715226,412,93507
211,-8.640537516542906,236,93743
212,-111.89085461257402,114,93857
213,236.99994912306695,973,94830
214,-102.20413783653221,145,94975
215,232.19368019844975,253,95228
216,-31.907347830049787,196,95424
217,49.37107431799453,94,95518
218,-52.272310590196426,187,95705
219,208.59276394588585,333,96038
220,245.7683676868497,402,96440
221,264.8714604510581,299,96739
222,233.76868189627996,437,97176
223,-99.22287505918189,52,97228
224,122.79957425951841,787,98015
225,28.004266831019436,79,98094
226,227.979864595266,559,98653
227,158.87104793622075,383,99036
228,-585.0533659028354,126,99162
229,-99.51723453401391,13,99175
230,227.48684638210239,508,99683
231,248.11215734457028,375,100058
232,258.8631481463033,341,100399
233,-95.62802792836418,45,100444
234,267.1602362206313,394,100838
235,167.54978862996495,557,101395
236,215.11803392787195,521,101916
237,223.10898373664295,351,102267
238,242.3297909266804,426,102693
239,-164.27850898977005,46,102739
240,225.4608315106437,490,103229
241,280.4037100106676,357,103586
242,255.63259851291303,569,104155
243,298.44476230120904,198,104353
244,226.98121576530949,439,104792
245,128.3375589084135,1316,106108
246,236.86949306621324,550,106658
247,195.65430204590032,565,107223
248,260.27079181569945,433,107656
249,203.0835535237665,506,108162
250,175.83584935143062,1001,109163
251,-28.08814396727091,124,109287
252,188.8133941880273,912,110199
253,258.4444545293992,559,110758
254,198.969485492131,507,111265
255,-98.59401073917952,11,111276
256,254.7642501642853,643,111919
257,229.72870005086244,1121,113040
258,248.14236288733744,369,113409
259,255.68597342071308,609,114018
260,-103.6092682014434,22,114040
261,255.93537924965526,358,114398
262,302.40590866709243,292,114690
263,282.77447917876384,683,115373
264,262.35745039407794,394,115767
265,201.41406940330137,725,116492
266,-108.09883041701892,37,116529
267,-253.720663308839,113,116642
268,170.88468559997466,655,117297
269,170.5753182563199,497,117794
270,226.35811858166807,460,118254
271,269.9900613551745,444,118698
272,208.79523112117243,332,119030
273,156.573221626753,469,119499
274,167.33568331316016,714,120213
275,308.5624571388772,835,121048
276,253.2672824581079,290,121338
277,-58.92151107464819,206,121544
278,-105.4933096065713,85,121629
279,-110.54619503604854,8,121637
280,211.65473622676194,410,122047
281,232.48110085567927,314,122361
282,-112.2767596900297,13,122374
283,241.0870445806779,512,122886
284,-109.47225934702138,30,122916
285,214.50377460834076,462,123378
286,238.7931857364145,367,123745
287,207.51276550446528,233,123978
288,252.62765018770443,263,124241
289,232.58890722927367,331,124572
290,197.30372959784467,437,125009
291,-114.68740053666073,19,125028
292,-152.7465674835267,80,125108
293,269.26945682691576,328,125436
294,166.92237395997762,1109,126545
295,174.78218832030709,574,127119
296,193.95163445815325,447,127566
297,-115.10677646315267,28,127594
298,232.7413079505485,291,127885
299,293.3171770035241,386,128271
300,247.14597211820782,340,128611
301,172.0881201004377,1227,129838
302,-27.150615971707623,305,130143
303,-151.73247230321203,39,130182
304,310.0713713742777,402,130584
305,261.82517210190326,658,131242
306,-255.3231139550624,111,131353
307,218.34707647354006,355,131708
308,185.72317352355776,538,132246
309,-143.66520272009154,22,132268
310,-156.22737708318573,302,132570
311,-173.12070152600745,78,132648
312,99.59708391245859,1044,133692
313,317.97610846204464,354,134046
314,192.85684134379795,349,134395
315,141.87567699653454,886,135281
316,224.33505870399927,302,135583
317,-157.96285703657173,35,135618
318,220.8594328468273,438,136056
319,181.96786045662782,310,136366
320,308.63546490574345,399,136765
321,209.95878349765277,489,137254
322,178.59318664838958,500,137754
323,-100.0,1,137755
324,226.386192143963,582,138337
325,-103.81491990607915,67,138404
326,218.46741505657351,294,138698
327,271.91971705299113,403,139101
328,248.19303792384125,422,139523
329,-145.56380413707987,2151,141674
330,182.06449247706823,552,142226
331,184.22693558577754,523,142749
332,168.9348805907266,317,143066
333,204.76887943906607,437,143503
334,272.6916786679171,1229,144732
335,125.98720134697234,605,145337
336,-48.33363537734729,72,145409
337,186.16602550323773,609,146018
338,-136.05861024282876,17,146035
339,235.8145240317647,259,146294
340,172.71993806326248,263,146557
341,-102.33691186131666,22,146579
342,220.3330121507703,497,147076
343,-19.970880183352833,186,147262
344,232.66397757867438,553,147815
345,-105.87633884223281,33,147848
346,0.1262651632032714,237,148085
347,243.31041296725962,806,148891
348,-86.96822028453867,13,148904
349,-71.67210875097601,324,149228
350,263.29403489977574,256,149484
351,222.98567511932413,315,149799
352,-59.69819696132585,398,150197
353,-77.21577714633874,136,150333
354,183.51350487813727,1054,151387
355,151.56399195643212,303,151690
356,202.09158336378547,523,152213
357,-55.12079913413835,155,152368
358,-158.94748720603326,21,152389
359,223.8488855366312,260,152649
360,-250.33986349495066,224,152873
361,144.9834368405564,933,153806
362,138.586111151519,966,154772
363,142.89836675229486,328,155100
364,-233.28951802978864,131,155231
365,240.75546096539668,491,155722
366,208.56128566706673,445,156167
367,273.3976557055024,335,156502
368,-63.40781605705929,46,156548
369,269.42220760587566,414,156962
370,190.02410200317442,361,157323
371,-95.16364570477761,225,157548
372,180.4668682160883,504,158052
373,262.3141327322436,367,158419
374,-142.49207422156562,198,158617
375,237.5355266498926,289,158906
376,233.00242732210648,422,159328
377,203.0017607676386,494,159822
378,-48.68530941690688,167,159989
379,-100.0,1,159990
380,235.87324768725605,365,160355
381,128.59145783890227,799,161154
382,208.52376315105775,576,161730
383,9.177588349342386,309,162039
384,-321.2907387886262,169,162208
385,-94.99385645362106,18,162226
386,173.8463404407235,289,162515
387,-171.5070806374848,47,162562
388,-113.17805833215336,28,162590
389,-118.74118755451914,9,162599
390,210.26656135464881,414,163013
391,-127.38258524061071,145,163158
392,-108.77119261983474,18,163176
393,-58.77032113225786,140,163316
394,23.27707318772974,173,163489
395,249.7031328547266,421,163910
396,291.0452405261743,263,164173
397,-152.95810191466532,292,164465
398,188.94361214337167,545,165010
399,184.51263848463591,351,165361
400,201.46433269910955,347,165708
401,226.9459039988127,466,166174
402,-240.53843620653552,271,166445
403,284.53975451119055,339,166784
404,249.10438388458243,424,167208
405,-247.31966725831973,242,167450
406,233.62692295054956,264,167714
407,-1.8725670181348164,81,167795
408,275.0598732934877,372,168167
409,-29.97060638453941,226,168393
410,207.1493138950355,362,168755
411,-38.58455934870146,149,168904
412,-118.12706269289224,244,169148
413,-101.76439389881865,18,169166
414,241.012698984064,407,169573
415,220.9499485226392,389,169962
416,59.02886107871237,208,170170
417,8.912887884510525,178,170348
418,-100.0,1,170349
419,-72.40134587000239,73,170422
420,-178.5689623752233,150,170572
421,-161.7488379452077,82,170654
422,229.09880397898058,579,171233
423,269.4430215093332,422,171655
424,-10.873949248066666,94,171749
425,-21.633692054838946,171,171920
426,-122.19832336297206,62,171982
427,190.56769731156012,248,172230
428,199.91474427902682,889,173119
429,-15.311070807237215,156,173275
430,176.51934688585627,570,173845
431,245.08922331357195,295,174140
432,261.5253110784739,353,174493
433,-135.2445339670951,87,174580
434,226.79068836568962,236,174816
435,299.4048418578366,297,175113
436,-300.5543703995661,176,175289
437,-23.05307010002234,142,175431
438,-100.0,1,175432
439,-41.0568465775156,131,175563
440,251.77238965438332,320,175883
441,222.24487089821815,249,176132
442,223.06564931248636,357,176489
443,-17.222639129210307,156,176645
444,-100.0,1,176646
445,261.85783924193294,230,176876
446,-107.834172843324,9,176885
447,-82.28594784183956,148,177033
448,225.73803931240832,315,177348
449,4.0523681154506335,131,177479
450,-100.0,1,177480
451,-165.07537951094798,557,178037
452,-143.54658120518266,160,178197
453,21.68279766968341,369,178566
454,275.22906867888355,382,178948
455,-2.6051582749943236,99,179047
456,-435.11312366089504,115,179162
457,-266.62486238747186,321,179483
458,-99.75728865615447,21,179504
459,243.43142204511173,1021,180525
460,143.93208580059593,1327,181852
461,-225.5643330204365,362,182214
462,-17.912801530310446,108,182322
463,187.66429775933113,745,183067
464,215.79854161103617,486,183553
465,-262.30771854297234,361,183914
466,-67.28593540511739,134,184048
467,202.9267669486996,364,184412
468,-45.18820994831404,154,184566
469,242.76282705548869,376,184942
470,-206.06934998027097,328,185270
471,222.2551384829464,326,185596
472,-196.51842365438915,257,185853
473,217.68686965358836,273,186126
474,-390.7232169733775,431,186557
475,193.56653778633884,513,187070
476,-195.82752298693245,179,187249
477,-276.0830418460333,305,187554
478,-72.51883820066195,185,187739
479,107.91967949554076,1140,188879
480,-90.04061101797244,12,188891
481,153.16143323844574,692,189583
482,-105.76266301468627,10,189593
483,258.6870138676974,586,190179
484,269.7319797706523,642,190821
485,246.02580277034116,1000,191821
486,237.4477585041876,724,192545
487,198.84200122452546,864,193409
488,-108.81665186415738,8,193417
489,190.2045505835206,861,194278
490,163.5216228197175,288,194566
491,243.19816330491543,306,194872
492,163.60025003642014,582,195454
493,198.30416556924763,780,196234
494,249.45280962596897,552,196786
495,179.9803197159823,743,197529
496,-156.0461933398359,20,197549
497,303.1767265707631,397,197946
498,-151.5427711805456,107,198053
499,262.4724299559405,439,198492
500,-94.9590857322738,11,198503
501,-109.59910899216104,69,198572
502,-81.96656004243167,49,198621
503,164.04870899366972,394,199015
504,201.29036280373938,306,199321
505,11.986710628919369,141,199462
506,-118.16000147997538,50,199512
507,-59.08053005367043,226,199738
508,211.37712457757704,241,199979
509,-140.39210722024566,112,200091
510,50.994798208864154,89,200180
511,264.65957141202387,492,200672
512,-59.83260205445918,203,200875
513,-34.0951082034255,199,201074
514,225.25488750421056,648,201722
515,215.53566697685534,361,202083
516,-112.799280717538,33,202116
517,144.5305718499832,1682,203798
518,194.55479094218344,659,204457
519,-85.95317487271373,39,204496
520,-95.04836413441917,95,204591
521,200.66308064005182,808,205399
522,241.83032360133447,216,205615
523,-56.48936395250507,104,205719
524,-98.2031989600119,114,205833
525,-167.62663028710102,172,206005
526,232.38328800817447,818,206823
527,257.64792256485293,274,207097
528,-129.59471735186412,34,207131
529,276.4033279627046,209,207340
530,323.0017649385835,221,207561
531,141.59179141320143,810,208371
532,244.34670889001808,537,208908
533,236.03275140832116,407,209315
534,265.96375853571396,573,209888
535,-43.35633499339427,219,210107
536,-131.2273539726006,37,210144
537,235.21382333402317,408,210552
538,221.48883395011268,246,210798
539,-147.33199628178627,31,210829
540,-99.79978762913488,16,210845
541,187.29716349779753,202,211047
542,232.93374146813343,412,211459
543,-47.867056357118415,114,211573
544,-123.7213382022363,22,211595
545,-64.58749030078967,194,211789
546,229.16964931388264,470,212259
547,155.50948498890267,723,212982
548,161.12056925250974,1717,214699
549,247.40637743206184,327,215026
550,241.66043544635224,339,215365
551,-77.75017219040649,85,215450
552,234.68885340614574,557,216007
553,181.14196112604571,515,216522
554,-107.62302654942081,30,216552
555,-95.28592854284359,27,216579
556,-100.0426712740059,20,216599
557,231.30793545928998,270,216869
558,-34.7150937818883,146,217015
559,194.30393496616227,559,217574
560,174.47906879364436,664,218238
561,259.7701035976968,434,218672
562,257.68846978080296,430,219102
563,37.41149215569874,329,219431
564,148.8712913566144,1129,220560
565,2.651876562918659,200,220760
566,301.1506075809706,484,221244
567,172.43696542184014,697,221941
568,207.6987067331589,657,222598
569,-189.46979681320687,268,222866
570,-131.13560039425587,40,222906
571,211.52856341171392,296,223202
572,-308.732240912526,179,223381
573,-53.08295856650214,311,223692
574,258.500667863286,455,224147
575,266.31359831543944,258,224405
576,270.5380067304254,557,224962
577,-124.77603881290024,22,224984
578,202.74409086936214,230,225214
579,-35.11083794885059,187,225401
580,302.35620499889035,427,225828
581,-167.66094873401585,39,225867
582,284.2311272610242,211,226078
583,199.17102255243077,334,226412
584,-304.46746327783956,235,226647
585,199.23955586392412,368,227015
586,245.11670811456702,340,227355
587,170.11973901024845,206,227561
588,-2.2000217041425145,142,227703
589,24.6297961388384,138,227841
590,216.95332587343356,375,228216
591,31.8106284562123,99,228315
592,-91.45300965080278,182,228497
593,254.3909331411907,274,228771
594,263.3138459546999,492,229263
595,287.3862878376975,302,229565
596,212.5200561571385,283,229848
597,220.57218915828787,779,230627
598,230.44601223717527,618,231245
599,-259.0558189596859,354,231599
600,-116.48875636982626,149,231748
601,-89.41065432532899,121,231869
602,-150.28076931485086,48,231917
603,175.6763259887733,490,232407
604,-112.27543046406058,52,232459
605,-134.26717314482164,58,232517
606,239.1874192528194,361,232878
607,-106.20151077368068,15,232893
608,-108.8549041288152,21,232914
609,-114.48846813033641,184,233098
610,46.84859764842065,130,233228
611,-100.0,1,233229
612,175.48504118861504,383,233612
613,-112.62644623393578,19,233631
614,-162.2137267760371,83,233714
615,247.2179392972805,443,234157
616,151.43964243471433,468,234625
617,-123.60938606774104,45,234670
618,-96.53034461818588,18,234688
619,259.6318710197492,344,235032
620,226.57456297488272,847,235879
621,49.24574797566041,165,236044
622,298.9634767560443,370,236414
623,-58.423928800348904,119,236533
624,-108.80676645727775,9,236542
625,-57.41106545721355,171,236713
626,273.9013408594492,456,237169
627,-13.358583383276198,112,237281
628,-106.53713733546196,10,237291
629,20.2121160084788,264,237555
630,312.59805911728336,250,237805
631,186.3612386369349,471,238276
632,173.71772101396027,490,238766
633,32.918449618762,115,238881
634,-476.32112101882,396,239277
635,217.24470037034388,558,239835
636,-217.2659235621236,155,239990
637,-231.90677118943174,46,240036
638,193.62535979743836,526,240562
639,195.2095159950147,342,240904
640,212.07700228828682,1285,242189
641,171.63116519930384,377,242566
642,133.14728487496762,1487,244053
643,-189.5192014074443,609,244662
644,-384.97629491021695,419,245081
645,-121.61138260324583,54,245135
646,-315.49080965700705,182,245317
647,-175.99363374692203,44,245361
648,-151.30798001725427,68,245429
649,-293.73220687997764,921,246350
650,-58.340134554135645,161,246511
651,-370.3992253990832,443,246954
652,236.50679572046803,678,247632
653,-127.49822026346243,156,247788
654,278.7481733152598,543,248331
655,-325.2170681939111,306,248637
656,205.45656300507468,719,249356
657,-127.11643205328618,20,249376
658,-94.41141947397166,26,249402
