,episode_reward,nb_episode_steps,nb_steps
0,-326.5985470739751,82,82
1,-132.50095938286788,118,200
2,-172.04740073841998,90,290
3,-240.46005531020512,246,536
4,-157.9098790244722,91,627
5,-277.01156213570727,129,756
6,-186.8130350390589,87,843
7,-249.0380070650275,90,933
8,-348.1535830025822,186,1119
9,-176.08685282148656,110,1229
10,-21.87444009847792,249,1478
11,-393.24945835846233,530,2008
12,-287.3211014888265,113,2121
13,-154.4493148421042,104,2225
14,-307.66439051269106,150,2375
15,-184.56967989793003,68,2443
16,-162.5485320698627,60,2503
17,-162.95451250946144,184,2687
18,-173.60115589194228,77,2764
19,-104.88033758976249,153,2917
20,-263.13247931887463,181,3098
21,-106.79239067660791,68,3166
22,-218.62714148324937,148,3314
23,-206.68209261121947,152,3466
24,-200.9438465476219,143,3609
25,-205.42039427922725,137,3746
26,-210.8090705393573,151,3897
27,-296.2921897956477,246,4143
28,-423.8398933604148,221,4364
29,-182.1299273939872,252,4616
30,-235.5146980919447,156,4772
31,-265.9281387692292,333,5105
32,-282.2424192138113,98,5203
33,-58.38841007701778,232,5435
34,-182.58187062300607,104,5539
35,120.19293855537006,436,5975
36,-87.70141623050802,479,6454
37,-291.65601508888636,871,7325
38,-266.8913151178194,858,8183
39,-137.61020520995632,1000,9183
40,-200.40667865547482,677,9860
41,-222.2036997318374,635,10495
42,-99.8086509972451,89,10584
43,-272.50629793039576,223,10807
44,-201.18131725709964,278,11085
45,-113.28987415267723,109,11194
46,-177.43088503390695,251,11445
47,-79.62761352119563,530,11975
48,-573.3509956154287,341,12316
49,-62.23878886052033,101,12417
50,-200.47633738174534,310,12727
51,-71.87108979054804,92,12819
52,-63.32589903569419,136,12955
53,-275.6779708013075,328,13283
54,-311.97191362503366,326,13609
55,-150.91655008959157,84,13693
56,-130.5389929134223,104,13797
57,-133.70406237519822,78,13875
58,-96.3453641195374,92,13967
59,-109.36385706311628,125,14092
60,-353.5593195166516,98,14190
61,-134.48039429494145,81,14271
62,-105.04578382162526,334,14605
63,-114.76627191300042,94,14699
64,-193.75426476948545,1000,15699
65,-241.96687396007735,361,16060
66,-429.1397048161494,137,16197
67,-81.75409868727087,151,16348
68,-430.72720402086475,212,16560
69,-139.59549989397325,64,16624
70,-404.2444681022294,170,16794
71,-68.02098655703821,181,16975
72,-410.4414853647547,240,17215
73,-398.56811710260035,186,17401
74,-247.89930942405667,129,17530
75,-326.499532243373,166,17696
76,-254.4509610608914,137,17833
77,-361.3978277222452,142,17975
78,-100.9994350501804,88,18063
79,-238.27477568976684,125,18188
80,-119.50639671966758,398,18586
81,-181.1600801783648,171,18757
82,-177.18441713069512,112,18869
83,-100.83269742065981,123,18992
84,-70.41241658976355,164,19156
85,-145.0318499493822,437,19593
86,-210.2470716759437,190,19783
87,1.4476415888870804,251,20034
88,-185.99650824201768,110,20144
89,-198.5896495958276,116,20260
90,-349.72133174503284,80,20340
91,-162.431435329309,107,20447
92,-151.73939014117735,368,20815
93,-186.77166442059692,78,20893
94,-194.20123150437843,173,21066
95,-104.5615851382282,249,21315
96,-118.83264922186152,294,21609
97,-247.7056785226199,194,21803
98,-112.64027420902926,251,22054
99,-225.2138496452498,298,22352
100,-164.60211839582854,95,22447
101,-51.49481072084977,194,22641
102,-57.67219568746194,275,22916
103,-74.54181836445505,95,23011
104,-172.33621330383596,246,23257
105,-177.90012206255415,162,23419
106,-19.347307617823063,222,23641
107,-79.30791617091465,288,23929
108,-172.66285740024966,164,24093
109,-172.32993312977592,123,24216
110,-94.78186790138984,107,24323
111,-215.68801817912782,224,24547
112,-22.24657578576364,311,24858
113,-44.95070811984098,227,25085
114,-286.36804059096187,219,25304
115,-106.56916348646465,401,25705
116,-137.65680282356757,266,25971
117,-133.61620419263213,381,26352
118,-130.29404471336835,178,26530
119,-89.7447627234618,140,26670
120,-51.89676629334386,209,26879
121,-82.4035764250533,199,27078
122,6.254877610412976,154,27232
123,-94.9935022287143,213,27445
124,-100.80277014895617,227,27672
125,-104.35010126234418,85,27757
126,53.41078842326732,231,27988
127,-140.05449856116078,223,28211
128,-295.4667506558259,201,28412
129,-70.43191614840057,216,28628
130,-62.92090354701723,272,28900
131,-6.105809083971039,339,29239
132,-128.87937053749033,235,29474
133,-209.59449370750133,196,29670
134,-24.692887964105537,135,29805
135,-139.11293874071737,269,30074
136,-42.75811838211221,256,30330
137,-21.262939656351634,260,30590
138,-139.9583217262343,294,30884
139,-225.81544268166164,226,31110
140,-16.10804974532799,302,31412
141,-74.45604364255239,239,31651
142,-2.3943381860893993,220,31871
143,-54.85736462688773,232,32103
144,234.21742392210345,650,32753
145,-111.00128710316733,187,32940
146,-125.09391979900636,155,33095
147,-55.654302589054815,209,33304
148,-154.1041928156233,270,33574
149,-80.88017812595751,203,33777
150,-56.26391007647169,171,33948
151,-86.83142189410435,156,34104
152,-44.373025402990976,266,34370
153,-97.81063410673173,134,34504
154,-103.53781164275583,279,34783
155,-129.16508363354927,242,35025
156,-116.6394337806861,256,35281
157,-66.47637145947525,251,35532
158,-60.34899403084019,148,35680
159,-13.636031919114217,156,35836
160,-22.423289372786428,146,35982
161,-69.84357902734196,208,36190
162,-76.54577451703531,154,36344
163,-82.48755108675263,174,36518
164,-106.73720996855643,151,36669
165,-134.31217129141498,143,36812
166,-133.84815556982653,440,37252
167,-54.90736530197235,481,37733
168,-47.17631954170055,192,37925
169,-235.75041285736614,242,38167
170,-198.07951186975563,873,39040
171,-119.38114039864934,400,39440
172,-29.628769188076646,167,39607
173,-60.63540655742758,169,39776
174,-130.6619619010503,156,39932
175,-170.7184392641225,182,40114
176,-27.920918733167156,143,40257
177,-93.16905983222046,203,40460
178,-70.65874349678566,139,40599
179,-74.8874411771925,315,40914
180,-70.09897709631468,1000,41914
181,130.34338939479704,408,42322
182,-80.63744627733152,152,42474
183,-230.89641019545792,250,42724
184,-327.080356582307,180,42904
185,-37.08760845436495,316,43220
186,-43.06562845194273,141,43361
187,-141.04799806930302,180,43541
188,-229.31549373120913,981,44522
189,-61.946945422375244,141,44663
190,-31.31424167516144,135,44798
191,-114.37641906849801,204,45002
192,-54.37971683888689,123,45125
193,-103.28525021147249,134,45259
194,-56.47603620845749,164,45423
195,-127.52874758307071,1000,46423
196,-26.240374855909494,175,46598
197,-86.45605387816781,335,46933
198,-65.82681432056478,119,47052
199,-14.366494164835444,133,47185
200,-128.942090918095,301,47486
201,-70.52386099183467,309,47795
202,-72.88514610128595,137,47932
203,-196.1555289855956,269,48201
204,-134.017481487873,192,48393
205,8.79769042740979,399,48792
206,-21.750970882987687,306,49098
207,-60.957099561196486,173,49271
208,-131.1766790446905,1000,50271
209,-48.353816877713626,201,50472
210,-7.1306471244120075,133,50605
211,1.6983630706472184,288,50893
212,-11.312961113202519,167,51060
213,-70.90532312471933,127,51187
214,-73.50390610079886,209,51396
215,-251.54858403250498,203,51599
216,-113.57587526330654,443,52042
217,-150.0240927841005,598,52640
218,-109.82857880302706,1000,53640
219,145.68989118651518,618,54258
220,-116.62545697187636,1000,55258
221,-46.82492704285069,160,55418
222,-64.2827788458727,1000,56418
223,-35.561482691293286,1000,57418
224,44.11877781291906,209,57627
225,-91.10961699611326,1000,58627
226,-39.48375504267199,1000,59627
227,-79.67864757705547,1000,60627
228,-7.92467004771545,1000,61627
229,-2.095526967049537,239,61866
230,-17.000790204111027,202,62068
231,-68.63836773288796,160,62228
232,-21.83355831471755,278,62506
233,-50.858649200435494,158,62664
234,-59.076932308104354,1000,63664
235,-168.56859817070347,847,64511
236,-80.08907501864346,181,64692
237,-68.24606000394616,245,64937
238,-78.98217835862175,449,65386
239,-26.99105120097184,207,65593
240,-81.4972050020351,1000,66593
241,-21.071118985420213,203,66796
242,-345.99443166298215,506,67302
243,-38.72974309362669,1000,68302
244,-16.765366928709255,1000,69302
245,-45.37514701877923,366,69668
246,-406.74175330033125,143,69811
247,-50.18779842549605,338,70149
248,-90.45219272586417,1000,71149
249,-115.84967177337423,1000,72149
250,-34.11437478925089,1000,73149
251,-75.40734726783887,1000,74149
252,-78.0376394779579,201,74350
253,-183.60866394686147,288,74638
254,-58.10601806975624,181,74819
255,-153.08047197197956,1000,75819
256,-244.36454589217794,941,76760
257,-84.75078267031368,1000,77760
258,-92.03183396737248,1000,78760
259,-71.46436594401541,1000,79760
260,-73.72558781924009,1000,80760
261,-154.35719354009666,1000,81760
262,-72.43741838824315,1000,82760
263,-70.96406694464676,1000,83760
264,-54.23787440900702,1000,84760
265,-79.98362326234077,1000,85760
266,-65.92944591768007,1000,86760
267,-79.24829761438157,1000,87760
268,-48.96796761045814,1000,88760
269,-233.34326340611494,116,88876
270,-87.52326414104435,1000,89876
271,-29.588329234038568,1000,90876
272,-26.949372490700632,1000,91876
273,-32.65217468822432,1000,92876
274,-17.882093724895004,1000,93876
275,-30.99434158273508,1000,94876
276,-30.675519379149872,1000,95876
277,-39.19254291766905,1000,96876
278,-18.841377680189883,1000,97876
279,-74.38047592540059,1000,98876
280,-70.20807210436358,1000,99876
281,-14.774041026421216,1000,100876
282,-25.75552822309542,1000,101876
283,-186.10211713348664,906,102782
284,-127.0534596818008,314,103096
285,-144.317230129153,442,103538
286,-142.05130996596054,1000,104538
287,-149.74602682841828,736,105274
288,-124.47379864397551,195,105469
289,-92.09642229834483,1000,106469
290,-70.73166091869324,1000,107469
291,-57.512320986968234,1000,108469
292,-79.99698502844035,1000,109469
293,-76.8323292041208,1000,110469
294,-52.57331525345671,1000,111469
295,-65.81304336175319,1000,112469
296,-41.60428080857999,1000,113469
297,-44.75506613899588,1000,114469
298,-120.54580807071059,1000,115469
299,-88.37093169953347,1000,116469
300,-90.70911359325302,1000,117469
301,-54.338352476739345,1000,118469
302,-49.93704530677168,1000,119469
303,-88.8057309360791,1000,120469
304,-25.956564196120624,1000,121469
305,-38.122897332284246,1000,122469
306,-27.991290139046804,1000,123469
307,-56.514683095271145,1000,124469
308,-82.65949862014011,1000,125469
309,-163.82815558703243,267,125736
310,-30.591327596388695,1000,126736
311,-14.975427311929279,1000,127736
312,-222.37694171086315,515,128251
313,-29.35397040487022,1000,129251
314,18.883541999496146,1000,130251
315,4.809257044951202,1000,131251
316,-17.825204520400188,1000,132251
317,-78.75324167155635,1000,133251
318,-17.01544207957531,1000,134251
319,-9.003978999210249,1000,135251
320,-44.188405814661095,1000,136251
321,2.359756426980942,1000,137251
322,-82.4500953606209,1000,138251
323,-27.45892685678573,1000,139251
324,-18.097950388307996,1000,140251
325,-33.23018317703908,1000,141251
326,-51.905640166333,1000,142251
327,-37.65816588744163,1000,143251
328,-10.295812259661414,1000,144251
329,-40.71112907917085,1000,145251
330,-47.783370857080406,1000,146251
331,-48.62715051424851,1000,147251
332,66.98358959688821,787,148038
333,-60.508580044413534,417,148455
334,-37.362252644769725,1000,149455
335,-28.14302180220088,1000,150455
336,-16.78487761182172,1000,151455
337,-22.579043929534723,1000,152455
338,-36.2770846856764,1000,153455
339,-15.133269793191396,1000,154455
340,-103.8999382703807,559,155014
341,-11.453813260875288,1000,156014
342,-123.41739598680203,621,156635
343,-187.54797642308245,617,157252
344,-20.165069065819033,1000,158252
345,-13.06267569756553,1000,159252
346,-71.26096192508537,1000,160252
347,-25.56136721899381,1000,161252
348,-51.85409905256472,1000,162252
349,-3.994932757014719,1000,163252
350,-44.57580210812515,1000,164252
351,-211.70929284504695,351,164603
352,-121.56245760382683,274,164877
353,-74.5433970966663,688,165565
354,-4.782913368590888,1000,166565
355,-474.4190811471,957,167522
356,-157.46656995525572,369,167891
357,-208.00326872922187,324,168215
358,-207.42372774667953,544,168759
359,-52.01055175965503,1000,169759
360,-67.61908745000979,1000,170759
361,-95.52599330102329,1000,171759
362,-64.67794659640379,1000,172759
363,-31.572522039073665,1000,173759
364,-126.33283890618344,974,174733
365,5.786727618217248,1000,175733
366,-5.682882497874421,1000,176733
367,-53.89387567463359,1000,177733
368,-22.651713460577696,1000,178733
369,-18.045568132631924,1000,179733
370,-62.733478517221656,1000,180733
371,-52.15345821614928,1000,181733
372,-67.13675115752613,1000,182733
373,-29.400380941719273,1000,183733
374,-54.38281120941023,1000,184733
375,-131.1180170014963,700,185433
376,-25.03369448588538,1000,186433
377,-66.12640771820094,1000,187433
378,-241.01969410865988,155,187588
379,-53.14648138151736,1000,188588
380,-130.78475767961595,729,189317
381,-86.85351468557776,1000,190317
382,-378.8681756102475,149,190466
383,-32.58529936508502,1000,191466
384,-30.51591736570855,1000,192466
385,-162.24768275536508,705,193171
386,-276.18705019458065,268,193439
387,-531.639105421503,188,193627
388,-69.14886107430988,203,193830
389,-370.21370826853007,130,193960
390,-295.3350666370453,222,194182
391,-192.61984342608332,136,194318
392,-54.24787455488094,393,194711
393,-61.939481486712346,1000,195711
394,-87.77445326255267,676,196387
395,-75.87761931462485,1000,197387
396,-180.44565335838698,787,198174
397,-33.53609760182376,1000,199174
398,-53.87153024024846,1000,200174
399,-33.292236816642365,1000,201174
400,-38.43602110095974,1000,202174
401,-10.538242418511782,1000,203174
402,-38.33096146412317,1000,204174
403,-29.58295220957285,1000,205174
404,-63.75580079250029,1000,206174
405,5.392562260154418,1000,207174
406,-27.640658290678875,1000,208174
407,-18.860522853612387,1000,209174
408,-1.2945070009912492,1000,210174
409,-43.08195395430261,1000,211174
410,-49.19411350952588,1000,212174
411,127.93402772259245,728,212902
412,185.2697907922779,584,213486
413,144.77296031082307,722,214208
414,53.00827604909045,1000,215208
415,-49.9680227340992,1000,216208
416,-14.602954143584576,1000,217208
417,-10.956081718102011,1000,218208
418,4.816401751102807,1000,219208
419,2.9952340600513887,1000,220208
420,-33.75982666664886,1000,221208
421,145.60673547512766,721,221929
422,-57.899485244114,1000,222929
423,-70.57198546874953,247,223176
424,-50.765817947409964,1000,224176
425,-137.43490646655556,509,224685
426,-56.1259137026301,1000,225685
427,-27.849204483974,1000,226685
428,-35.91667196904435,1000,227685
429,-69.85790892567665,1000,228685
430,-69.80025427368679,1000,229685
431,-54.89368510446756,1000,230685
432,-3.4767979190985168,1000,231685
433,-17.342528891332318,1000,232685
434,-40.40809901794474,1000,233685
435,-48.692775821130894,1000,234685
436,-23.66038694993064,1000,235685
437,152.15566661716184,368,236053
438,-31.322648329353537,1000,237053
439,-75.8251743377855,1000,238053
440,-31.891680248285414,1000,239053
441,2.2193742685944757,1000,240053
442,160.68641352918326,715,240768
443,-12.064851611436175,1000,241768
444,-1.0967314638601156,1000,242768
445,-79.54211238812489,1000,243768
446,-58.19346478227352,1000,244768
447,-26.391119366171864,1000,245768
448,-61.68847896685489,1000,246768
449,-20.41549094791454,1000,247768
450,-45.874064645466056,1000,248768
451,7.446471084610268,1000,249768
452,-61.47403555558113,1000,250768
453,-31.849769009494235,1000,251768
454,-18.22774282531008,1000,252768
455,-23.05715837967318,1000,253768
456,-73.65409663442121,1000,254768
457,53.63317042646706,1000,255768
458,-100.47715452809717,1000,256768
459,-2.661134395835889,1000,257768
460,-55.52954258809149,1000,258768
461,-52.87867325784174,1000,259768
462,-46.58078833470877,1000,260768
463,9.982538611215608,1000,261768
464,-8.392305403481414,1000,262768
465,12.10226085076384,1000,263768
466,22.93915941796142,1000,264768
467,147.91614540671372,997,265765
468,-87.11744900123449,790,266555
469,181.18441155532634,951,267506
470,168.30302465763413,975,268481
471,197.54241164483292,770,269251
472,172.20457079701342,954,270205
473,34.718495593504585,1000,271205
474,-88.40450125600587,426,271631
475,-12.833396939394921,1000,272631
476,156.37718964516785,977,273608
477,129.4490991761689,915,274523
478,-181.5097105448375,250,274773
479,189.82141333004637,755,275528
480,189.86985009729005,673,276201
481,-277.30247621604246,87,276288
482,-299.1591080346035,93,276381
483,-49.42221942933084,369,276750
484,-96.28094663630684,140,276890
485,-92.44147555840924,299,277189
486,-33.36907838721304,525,277714
487,-373.61671607781983,228,277942
488,-82.51104718390275,283,278225
489,-101.70141746785058,307,278532
490,-295.6335927524098,159,278691
491,-177.45924408868729,93,278784
492,-91.74334968642042,420,279204
493,-277.20375122694037,104,279308
494,-246.7797588527019,86,279394
495,-196.14945673187427,83,279477
496,-228.75520768723936,107,279584
497,-310.7183693432828,173,279757
498,-262.137054782284,126,279883
499,-34.91123597301319,175,280058
500,-86.05025949515802,163,280221
501,-215.84131577860023,224,280445
502,-65.39613034591801,198,280643
503,-20.800039748181305,429,281072
504,-419.2264836822989,137,281209
505,-133.82751403920378,514,281723
506,-340.8978867363305,305,282028
507,-174.61970664803755,184,282212
508,-218.34210255768807,273,282485
509,-58.77172286607228,239,282724
510,-177.72628461962,131,282855
511,-276.77097234713665,197,283052
512,33.391215493459356,237,283289
513,246.63237546873705,658,283947
514,-234.92608424640213,279,284226
515,-149.71168943533831,265,284491
516,-140.40289262571022,701,285192
517,-46.20089446329984,443,285635
518,-19.86467574692539,1000,286635
519,-67.78317043438264,217,286852
520,44.34482728307341,1000,287852
521,-106.09067523711487,459,288311
522,-109.50646531304044,611,288922
523,-77.04871043687174,515,289437
524,43.166149192005975,1000,290437
525,-37.53008075238931,1000,291437
526,-76.41611902901658,1000,292437
527,11.193955589190764,1000,293437
528,-26.07910076411125,1000,294437
529,61.62234997391956,1000,295437
530,29.61518956871883,1000,296437
531,-70.91378093996641,146,296583
532,-31.447613572408724,1000,297583
533,-20.111672901650323,1000,298583
534,-45.55004233666521,1000,299583
535,-62.74486554979694,1000,300583
536,-6.391699850083236,1000,301583
537,-1.713650197753309,1000,302583
538,-100.98274926345809,803,303386
539,43.22692902201448,1000,304386
540,-129.0563273205927,742,305128
541,19.340211178477944,1000,306128
542,153.53599554408868,979,307107
543,152.88978090684728,958,308065
544,68.1110776023616,1000,309065
545,133.85027266685518,829,309894
546,-112.41942218628243,717,310611
547,40.3251633877395,1000,311611
548,-51.71451931154299,634,312245
549,3.8694350014525494,1000,313245
550,96.33092811129235,1000,314245
551,115.06444210938308,942,315187
552,-21.811842262790123,1000,316187
553,-126.40275942308668,1000,317187
554,-30.583177501222636,1000,318187
555,-88.19387779186663,874,319061
556,-41.076569810266996,1000,320061
557,-53.72340709565799,1000,321061
558,-78.63300610274662,455,321516
559,-108.4271725213284,269,321785
560,-78.31486572902712,1000,322785
561,-122.01606784765681,304,323089
562,-113.43671595387747,227,323316
563,-59.28006896848681,1000,324316
564,-167.28964423077673,625,324941
565,-19.309429131693737,1000,325941
566,-157.01802295179053,944,326885
567,-145.52611464224833,338,327223
568,-100.81331736222413,438,327661
569,-38.02901617841704,1000,328661
570,-85.69095528013662,306,328967
571,-215.72202560175344,927,329894
572,-40.96085002584434,1000,330894
573,-154.86363162701232,900,331794
574,-55.77122442642247,1000,332794
575,-99.75615043915666,1000,333794
576,-33.224361811773846,1000,334794
577,-60.945821188694296,1000,335794
578,-169.98346727608075,847,336641
579,-44.75284654889407,1000,337641
580,49.07628876004249,1000,338641
581,-148.87280214209142,860,339501
582,47.006022795844515,1000,340501
583,-31.2119694478052,1000,341501
584,17.608491227430225,1000,342501
585,21.647317092551177,1000,343501
586,54.09005378899372,1000,344501
587,15.408362458763712,1000,345501
588,-2.725826507371904,1000,346501
589,-44.03823792154516,1000,347501
590,-2.3076860772794676,1000,348501
591,-47.8728845152417,1000,349501
592,0.3921267590137252,1000,350501
593,-25.137913871310893,1000,351501
594,7.498558459937639,1000,352501
595,-36.032630229036776,1000,353501
596,63.145931635196845,1000,354501
597,49.81899750380629,1000,355501
598,-53.684048061751305,1000,356501
599,-25.85053490923053,1000,357501
600,171.67613283970616,906,358407
601,-3.057205384725677,1000,359407
602,-20.195200014636715,1000,360407
603,-23.564116838993908,1000,361407
604,-46.20205126532395,1000,362407
605,4.147692598235003,1000,363407
606,34.56739217156563,1000,364407
607,-301.28989173163416,260,364667
608,-15.256699702104111,1000,365667
609,20.91880413887799,1000,366667
610,-15.466771633140961,1000,367667
611,17.785121509872738,1000,368667
612,-23.35795733853197,1000,369667
613,13.25061313308254,1000,370667
614,28.95648258494561,1000,371667
615,27.1095801269421,1000,372667
616,-45.12501002165501,1000,373667
617,-22.681627169190897,1000,374667
618,32.468644248523304,1000,375667
619,-43.64632958298153,1000,376667
620,2.0082233047445763,1000,377667
621,206.88410476618702,669,378336
622,-66.00160881690641,773,379109
623,83.08291503542227,1000,380109
624,28.91718444518488,1000,381109
625,-98.88106175393624,329,381438
626,113.35972449381437,1000,382438
627,123.12324813973748,891,383329
628,65.77128759847255,890,384219
629,-609.2208068893407,830,385049
630,198.23686426655559,848,385897
631,227.69080321421225,621,386518
632,185.02672141009344,874,387392
633,133.5728617698607,718,388110
634,52.749380829428965,1000,389110
635,117.4414088132392,908,390018
636,26.185962764902442,1000,391018
637,-1.2509806328093447,598,391616
638,-25.951564470046154,1000,392616
639,61.0741656979081,1000,393616
640,0.15275016826409993,1000,394616
641,-111.41152357389423,1000,395616
642,129.26929125971554,869,396485
643,-56.76769168491338,1000,397485
644,-13.106193339496365,1000,398485
645,-40.31161795718697,1000,399485
646,141.2642058266207,730,400215
647,157.28602410176748,794,401009
648,-88.45326570405848,817,401826
649,129.6089164737046,993,402819
650,8.236940345209433,465,403284
651,-104.10729478351294,222,403506
652,201.7286143607642,884,404390
653,231.48574192434822,926,405316
654,-19.93148272211853,1000,406316
655,-249.5521027975611,170,406486
656,151.88241759897585,822,407308
657,199.44032315322806,760,408068
658,244.01906288517912,656,408724
659,176.57602353625032,812,409536
660,142.1596997397189,899,410435
661,-4.478398728579424,1000,411435
662,-285.6639086421842,946,412381
663,-617.0614394106143,912,413293
664,-154.30053336310925,917,414210
665,-76.28553729893339,740,414950
666,44.76014321609151,1000,415950
667,32.96600316500873,1000,416950
668,210.09296762530988,803,417753
669,104.88741212979178,943,418696
670,36.53602148902554,1000,419696
671,-17.71775033600705,1000,420696
672,134.99051021831224,795,421491
673,-12.17730948843939,1000,422491
674,-136.8649528589648,861,423352
675,-337.93170109720234,206,423558
676,-129.75257506930407,804,424362
677,-62.175936075551746,1000,425362
678,99.04717187068137,868,426230
679,-170.2184039484419,925,427155
680,-234.14188266702405,384,427539
681,66.5517518402816,890,428429
682,-86.60143837410271,350,428779
683,-144.1615157753576,111,428890
684,175.7005245125826,869,429759
685,-239.50160498219148,193,429952
686,-87.0166331030031,791,430743
687,154.00988842214494,945,431688
688,-137.54453978355065,675,432363
689,-75.02890723948047,700,433063
690,21.195938833014456,1000,434063
691,-6.771282363115778,1000,435063
692,33.8515951491304,1000,436063
693,-34.32540371440859,1000,437063
694,-60.685447311070945,1000,438063
695,-40.748672478007606,1000,439063
696,-108.73818379563046,468,439531
697,122.80018115248765,996,440527
698,-414.0141683103888,178,440705
699,32.64876656341682,1000,441705
700,1.7046580375293807,1000,442705
701,85.73866842498889,981,443686
702,138.5005169754791,915,444601
703,-162.80744650396997,109,444710
704,-176.08860253057372,217,444927
705,-350.35617345574525,201,445128
706,-457.83491895648666,194,445322
707,-504.762673859815,265,445587
708,-101.63516487635091,210,445797
709,90.38366756387751,880,446677
710,-479.7034065984922,359,447036
711,-135.5053591082021,185,447221
712,-389.0992774861496,403,447624
713,-129.85278871694453,180,447804
714,-284.5552020547016,529,448333
715,39.86200438638496,1000,449333
716,-66.40183396036625,1000,450333
717,87.10847690904816,951,451284
718,-87.16380513588147,280,451564
719,-237.27625037690655,643,452207
720,-116.70844986755088,181,452388
721,-87.78788559794879,632,453020
722,16.273278295954192,1000,454020
723,-36.817530911371804,1000,455020
724,24.51457524962877,1000,456020
725,19.330651132533593,1000,457020
726,17.841379163569965,1000,458020
727,166.35305548433337,972,458992
728,18.48547865885405,1000,459992
729,154.52652560386576,937,460929
730,-21.49415942755149,1000,461929
731,-57.49642754173284,897,462826
732,-6.4054649638173435,1000,463826
733,-14.23332122650439,1000,464826
734,32.70609274024185,1000,465826
735,25.748957219255225,1000,466826
736,60.27169058153535,1000,467826
737,-45.77129363653304,1000,468826
738,-34.822754898827,1000,469826
739,9.451216793229783,1000,470826
740,-18.316572890484853,1000,471826
741,-135.08207130751038,110,471936
742,-5.48415472819129,1000,472936
743,-28.162126657019922,1000,473936
744,74.82202194146227,1000,474936
745,-34.239559914567344,1000,475936
746,-14.60042870682234,1000,476936
747,-11.695099199624833,1000,477936
748,39.56279665618112,1000,478936
749,-7.693695994175161,1000,479936
750,-74.87832411710727,1000,480936
751,-3.4012186415783834,1000,481936
752,-5.990246449511099,1000,482936
753,1.2946052632326577,1000,483936
754,37.09150653603658,1000,484936
755,149.10482890941364,964,485900
756,-11.470367890110596,1000,486900
757,-135.23200228769377,450,487350
758,112.18021944942961,973,488323
759,-0.22841946138262514,1000,489323
760,-286.55406392726593,126,489449
761,-21.99425564523571,1000,490449
762,189.5914493329912,705,491154
763,42.22364880174385,1000,492154
764,-145.58940556374108,130,492284
765,145.2202399956245,995,493279
766,-4.777453789260884,1000,494279
767,77.72413973512693,847,495126
768,-102.84805397925894,189,495315
769,-6.193355938903572,1000,496315
770,27.211817629263834,1000,497315
771,28.778136236973673,1000,498315
772,138.33643791543182,952,499267
